-0.18129607923418053
-7.7240311261388028e-05
-0.43759047536175882
-7.0252481428703263e-05
-0.54439814289944688
-5.7918233493517683e-05
-0.23224285640862469
-4.2973901798869754e-05
0.64378833038517724
-2.8366018519992068e-05
-0.31753079030097203
-1.6369756559113709e-05
0.080084927517724974
-8.0493838294236809e-06
-0.012879531918498385
-3.2434567008363667e-06
0.0014430821467034149
-1.0052929689872637e-06
-0.00012656418072301432
-2.1321353373116616e-07
7.0237345681351799e-06
-2.3218400598541699e-08
-6.4017290433825286e-07
